$ 1 0.000005 10.20027730826997 50 5 50
163 352 480 432 480 0 10 0 5 0 0 0 0 0 0 0 0
L 352 512 304 512 0 0 false 5 0
L 672 544 720 544 0 1 false 5 0
157 912 112 976 112 0 7 0 -1
d 400 384 384 400 2 default
d 400 352 384 368 2 default
d 400 320 384 336 2 default
d 400 288 384 304 2 default
d 400 256 384 272 2 default
d 400 224 384 240 2 default
I 384 448 384 432 0 0.5 5
I 416 448 416 432 0 0.5 5
I 448 448 448 432 0 0.5 5
I 480 448 480 432 0 0.5 5
I 512 448 512 432 0 0.5 5
I 544 448 544 432 0 0.5 5
I 576 448 576 432 0 0.5 5
I 608 448 608 432 0 0.5 5
I 640 448 640 432 0 0.5 5
I 672 448 672 432 0 0.5 5
d 432 352 416 368 2 default
d 432 320 416 336 2 default
d 464 384 448 400 2 default
d 464 352 448 368 2 default
d 464 288 448 304 2 default
d 464 256 448 272 2 default
d 464 192 448 208 2 default
d 496 384 480 400 2 default
d 496 352 480 368 2 default
d 496 320 480 336 2 default
d 496 288 480 304 2 default
d 496 192 480 208 2 default
d 560 384 544 400 2 default
d 560 320 544 336 2 default
d 560 288 544 304 2 default
d 560 224 544 240 2 default
d 560 192 544 208 2 default
d 528 352 512 368 2 default
d 528 320 512 336 2 default
d 528 224 512 240 2 default
d 528 192 512 208 2 default
d 592 384 576 400 2 default
d 592 320 576 336 2 default
d 592 288 576 304 2 default
d 592 256 576 272 2 default
d 592 224 576 240 2 default
d 592 192 576 208 2 default
d 624 384 608 400 2 default
d 624 352 608 368 2 default
d 624 320 608 336 2 default
d 656 192 640 208 2 default
d 656 224 640 240 2 default
d 656 256 640 272 2 default
d 656 288 640 304 2 default
d 656 320 640 336 2 default
d 656 384 640 400 2 default
d 656 352 640 368 2 default
d 688 352 672 368 2 default
d 688 384 672 400 2 default
d 688 320 672 336 2 default
d 688 288 672 304 2 default
d 688 224 672 240 2 default
d 688 192 672 208 2 default
w 384 432 384 400 0
w 384 400 384 368 0
w 384 368 384 336 0
w 384 336 384 304 0
w 384 304 384 272 0
w 384 272 384 240 0
w 416 432 416 368 0
w 416 368 416 336 0
w 448 432 448 400 0
w 448 400 448 368 0
w 448 368 448 304 0
w 448 304 448 272 0
w 448 272 448 208 0
w 480 432 480 400 0
w 480 400 480 368 0
w 480 368 480 336 0
w 480 336 480 304 0
w 480 304 480 208 0
w 512 208 512 240 0
w 512 240 512 336 0
w 512 336 512 368 0
w 512 368 512 432 0
w 544 432 544 400 0
w 544 400 544 336 0
w 544 336 544 304 0
w 544 304 544 240 0
w 544 240 544 208 0
w 576 432 576 400 0
w 576 400 576 336 0
w 576 336 576 304 0
w 576 304 576 272 0
w 576 272 576 240 0
w 576 240 576 208 0
w 608 432 608 400 0
w 608 400 608 368 0
w 608 368 608 336 0
w 640 432 640 400 0
w 640 400 640 368 0
w 640 368 640 336 0
w 640 336 640 304 0
w 640 304 640 272 0
w 640 272 640 240 0
w 640 240 640 208 0
w 672 432 672 400 0
w 672 400 672 368 0
w 672 368 672 336 0
w 672 336 672 304 0
w 672 304 672 240 0
w 672 240 672 208 0
w 464 192 496 192 0
w 496 192 528 192 0
w 528 192 560 192 0
w 560 192 592 192 0
w 592 192 656 192 0
w 656 192 688 192 0
w 400 224 528 224 0
w 528 224 560 224 0
w 560 224 592 224 0
w 592 224 656 224 0
w 656 224 688 224 0
w 400 256 464 256 0
w 464 256 592 256 0
w 592 256 656 256 0
w 400 288 464 288 0
w 464 288 496 288 0
w 496 288 560 288 0
w 560 288 592 288 0
w 592 288 656 288 0
w 656 288 688 288 0
w 400 320 432 320 0
w 432 320 496 320 0
w 496 320 528 320 0
w 528 320 560 320 0
w 560 320 592 320 0
w 592 320 624 320 0
w 624 320 656 320 0
w 656 320 688 320 0
w 400 352 432 352 0
w 432 352 464 352 0
w 464 352 496 352 0
w 496 352 528 352 0
w 528 352 624 352 0
w 624 352 656 352 0
w 656 352 688 352 0
w 400 384 464 384 0
w 464 384 496 384 0
w 496 384 560 384 0
w 560 384 592 384 0
w 592 384 624 384 0
w 624 384 656 384 0
w 688 384 656 384 0
r 1104 208 1104 272 0 1000
R 1104 272 1104 288 0 0 40 5 0 0 0.5
w 688 384 816 384 0
w 816 384 816 112 0
w 816 112 912 112 0
w 688 352 832 352 0
w 832 352 832 144 0
w 832 144 912 144 0
w 688 320 848 320 0
w 848 320 848 176 0
w 848 176 912 176 0
w 688 288 864 288 0
w 864 288 864 208 0
w 864 208 912 208 0
w 656 256 800 256 0
w 800 256 800 64 0
w 800 64 1104 64 0
w 1104 64 1104 112 0
w 688 224 768 224 0
w 768 224 768 48 0
w 768 48 1136 48 0
w 1136 48 1136 144 0
w 1136 144 1104 144 0
w 688 192 736 192 0
w 736 192 736 32 0
w 736 32 1168 32 0
w 1168 32 1168 176 0
w 1168 176 1104 176 0
