$ 1 0.000005 10.20027730826997 50 5 50
151 352 224 432 224 0 2 0 5
151 352 352 432 352 0 3 5 5
151 144 192 224 192 0 3 5 5
151 144 400 224 400 0 2 0 5
w 352 240 352 272 0
w 352 272 432 304 0
w 432 304 432 352 0
w 352 336 352 304 0
w 352 304 432 272 0
w 432 272 432 224 0
w 928 272 928 224 0
w 848 304 928 272 0
w 848 336 848 304 0
w 928 304 928 352 0
w 848 272 928 304 0
w 848 240 848 272 0
151 640 400 720 400 0 2 5 5
151 640 192 720 192 0 3 5 5
151 848 352 928 352 0 3 0 5
151 848 224 928 224 0 2 5 5
w 144 208 144 384 0
w 640 208 640 384 0
w 432 224 640 176 0
w 640 416 432 352 0
w 144 416 144 464 0
w 144 464 1008 464 0
w 1008 464 1008 224 0
w 1008 224 928 224 0
w 144 176 144 128 0
w 144 128 976 128 0
w 976 128 976 352 0
w 976 352 928 352 0
I 464 560 352 560 0 0.5 5
w 640 384 480 384 0
w 480 384 480 560 0
w 480 560 464 560 0
w 352 560 96 560 0
w 96 560 96 384 0
w 96 384 144 384 0
L 480 560 544 560 0 0 false 5 0
w 240 368 240 624 0
w 240 624 720 624 0
w 720 624 720 352 0
w 720 352 768 352 0
L 240 624 176 624 0 1 false 5 0
w 720 400 848 368 0
w 768 352 848 352 0
w 720 192 848 208 0
w 224 400 352 368 0
w 240 368 352 352 0
w 224 192 352 208 0
w 144 192 112 192 0
w 112 192 112 272 0
w 112 272 240 272 0
w 240 272 240 368 0
w 640 192 624 192 0
w 624 192 624 352 0
w 624 352 720 352 0
