$ 1 0.000005 10.20027730826997 50 5 50
150 0 96 96 96 0 2 5 5
153 112 144 224 144 0 2 0 5
w 96 96 112 128 0
150 0 336 96 336 0 2 0 5
w 96 336 112 304 0
w 112 272 112 256 0
w 112 256 224 192 0
w 224 192 224 144 0
w 112 160 112 176 0
w 112 176 224 240 0
w 224 240 224 288 0
w 0 112 0 320 0
153 112 288 224 288 0 2 5 5
153 480 288 592 288 0 2 5 5
w 368 112 368 320 0
w 592 240 592 288 0
w 480 176 592 240 0
w 480 160 480 176 0
w 592 192 592 144 0
w 480 256 592 192 0
w 480 272 480 256 0
w 464 336 480 304 0
150 368 336 464 336 0 2 0 5
w 464 96 480 128 0
153 480 144 592 144 0 2 0 5
150 368 96 464 96 0 2 0 5
I 96 480 224 480 0 0.5 5
w 224 480 368 320 0
w 0 320 -112 432 0
w -112 432 -112 480 0
w -112 480 96 480 0
L -112 432 -112 384 0 1 false 5 0
w 368 352 224 288 0
w 368 80 224 144 0
w 0 80 0 0 0
w 0 0 656 0 0
w 656 0 656 288 0
w 656 288 592 288 0
w 0 352 0 416 0
w 0 416 624 416 0
w 624 416 624 144 0
w 624 144 592 144 0
M 624 144 704 144 0 2.5
M 656 288 704 288 0 2.5
