$ 1 0.000005 10.20027730826997 50 5 50
f 208 144 256 144 32 1.5 0.02
f 208 224 256 224 32 1.5 0.02
w 256 160 256 208 0
g 256 240 256 272 0
r 256 128 256 48 0 1000
R 256 48 256 16 0 0 40 5 0 0 0.5
R 400 48 400 16 0 0 40 5 0 0 0.5
r 400 128 400 48 0 1000
g 400 240 400 272 0
w 400 160 400 208 0
f 352 224 400 224 32 1.5 0.02
f 352 144 400 144 32 1.5 0.02
w 256 128 352 128 0
w 352 128 352 144 0
w 400 128 432 128 0
w 432 128 432 304 0
w 432 304 208 304 0
w 208 304 208 224 0
R 144 48 144 16 0 0 40 5 0 0 0.5
r 144 128 144 48 0 1000
g 144 240 144 272 0
w 144 160 144 208 0
f 96 224 144 224 32 1.5 0.02
f 96 144 144 144 32 1.5 0.02
R 32 48 32 16 0 0 40 5 0 0 0.5
r 32 128 32 48 0 1000
g 32 240 32 272 0
w 32 160 32 208 0
f -16 224 32 224 32 1.5 0.02
f -16 144 32 144 32 1.5 0.02
w 144 128 176 128 0
w 176 128 176 -16 0
w 176 -16 336 -16 0
w 336 -16 336 224 0
w 336 224 352 224 0
w 208 144 208 176 0
w 208 176 48 176 0
w 48 176 48 128 0
w 48 128 32 128 0
w 96 144 96 0 0
w -16 144 -16 0 0
w -16 0 96 0 0
w -16 352 96 352 0
w -16 496 -16 352 0
w 96 496 96 352 0
w 48 480 32 480 0
w 48 528 48 480 0
w 208 528 48 528 0
w 208 496 208 528 0
w 336 576 352 576 0
w 336 336 336 576 0
w 176 336 336 336 0
w 176 480 176 336 0
w 144 480 176 480 0
f -16 496 32 496 32 1.5 0.02
f -16 576 32 576 32 1.5 0.02
w 32 512 32 560 0
g 32 592 32 624 0
r 32 480 32 400 0 1000
R 32 400 32 368 0 0 40 5 0 0 0.5
f 96 496 144 496 32 1.5 0.02
f 96 576 144 576 32 1.5 0.02
w 144 512 144 560 0
g 144 592 144 624 0
r 144 480 144 400 0 1000
R 144 400 144 368 0 0 40 5 0 0 0.5
M 432 480 480 448 0 2.5
M 256 480 304 448 0 2.5
w 208 656 208 576 0
w 432 656 208 656 0
w 432 480 432 656 0
w 400 480 432 480 0
w 352 480 352 496 0
w 256 480 352 480 0
f 352 496 400 496 32 1.5 0.02
f 352 576 400 576 32 1.5 0.02
w 400 512 400 560 0
g 400 592 400 624 0
r 400 480 400 400 0 1000
R 400 400 400 368 0 0 40 5 0 0 0.5
R 256 400 256 368 0 0 40 5 0 0 0.5
r 256 480 256 400 0 1000
g 256 592 256 624 0
w 256 512 256 560 0
f 208 576 256 576 32 1.5 0.02
f 208 496 256 496 32 1.5 0.02
f -160 336 -112 336 32 1.5 0.02
g -112 352 -112 384 0
r -112 320 -112 256 0 1000
R -112 256 -112 208 0 0 40 5 0 0 0.5
w -112 320 -16 320 0
w -16 320 -16 352 0
w -16 144 -160 144 0
w -160 144 -160 336 0
L -160 336 -224 336 0 1 false 5 0
w -16 576 -48 576 0
w -48 576 -48 304 0
w -48 304 176 304 0
w 176 304 176 320 0
w 176 320 304 320 0
w 304 320 304 160 0
w 304 160 256 128 0
w 96 576 96 688 0
w 96 688 528 688 0
w 528 688 528 304 0
w 528 304 432 304 0
w 96 224 96 320 0
w 96 320 144 320 0
w 144 320 256 480 0
w -16 224 -64 224 0
w -64 224 -64 704 0
w -64 704 432 704 0
w 432 704 432 656 0
