$ 1 0.000005 10.20027730826997 50 5 50
r 240 80 240 144 0 1000
d 240 144 192 144 2 default
d 240 160 192 160 2 default
d 240 176 192 176 2 default
d 240 192 192 192 2 default
w 240 144 240 160 0
w 240 160 240 176 0
w 240 176 240 192 0
f 240 144 288 144 32 1.5 0.02
r 288 128 288 64 0 1000
R 288 64 288 32 0 0 40 5 0 0 0.5
R 240 80 240 48 0 0 40 5 0 0 0.5
g 288 160 288 176 0
g 512 160 512 176 0
R 464 80 464 48 0 0 40 5 0 0 0.5
R 512 64 512 32 0 0 40 5 0 0 0.5
r 512 128 512 64 0 1000
f 464 144 512 144 32 1.5 0.02
w 464 144 464 160 0
d 464 160 416 160 2 default
d 464 144 416 144 2 default
r 464 80 464 144 0 1000
r 240 304 240 368 0 1000
d 240 368 192 368 2 default
d 240 384 192 384 2 default
w 240 368 240 384 0
f 240 368 288 368 32 1.5 0.02
r 288 352 288 288 0 1000
R 288 288 288 256 0 0 40 5 0 0 0.5
R 240 304 240 272 0 0 40 5 0 0 0.5
g 288 384 288 400 0
g 512 384 512 400 0
R 464 304 464 272 0 0 40 5 0 0 0.5
R 512 288 512 256 0 0 40 5 0 0 0.5
r 512 352 512 288 0 1000
f 464 368 512 368 32 1.5 0.02
w 464 384 464 400 0
w 464 368 464 384 0
d 464 400 416 400 2 default
d 464 384 416 384 2 default
d 464 368 416 368 2 default
r 464 304 464 368 0 1000
r 752 96 752 160 0 1000
d 752 160 704 160 2 default
d 752 176 704 176 2 default
d 752 192 704 192 2 default
w 752 160 752 176 0
w 752 176 752 192 0
f 752 160 800 160 32 1.5 0.02
r 800 144 800 80 0 1000
R 800 80 800 48 0 0 40 5 0 0 0.5
R 752 96 752 64 0 0 40 5 0 0 0.5
g 800 176 800 192 0
g 992 192 992 208 0
R 944 112 944 80 0 0 40 5 0 0 0.5
R 992 96 992 64 0 0 40 5 0 0 0.5
r 992 160 992 96 0 1000
f 944 176 992 176 32 1.5 0.02
w 944 176 944 192 0
d 944 192 896 192 2 default
d 944 176 896 176 2 default
r 944 112 944 176 0 1000
r 752 304 752 368 0 1000
d 752 368 704 368 2 default
d 752 384 704 384 2 default
w 752 368 752 384 0
f 752 368 800 368 32 1.5 0.02
r 800 352 800 288 0 1000
R 800 288 800 256 0 0 40 5 0 0 0.5
R 752 304 752 272 0 0 40 5 0 0 0.5
g 800 384 800 400 0
g 992 384 992 400 0
R 944 304 944 272 0 0 40 5 0 0 0.5
R 992 288 992 256 0 0 40 5 0 0 0.5
r 992 352 992 288 0 1000
f 944 368 992 368 32 1.5 0.02
w 944 384 944 400 0
w 944 368 944 384 0
d 944 400 896 400 2 default
d 944 384 896 384 2 default
d 944 368 896 368 2 default
r 944 304 944 368 0 1000
w 192 368 192 192 0
w 416 160 416 208 0
w 416 208 560 256 0
w 560 256 560 352 0
w 560 352 512 352 0
w 416 368 416 272 0
w 416 272 560 208 0
w 560 128 512 128 0
w 288 128 416 144 0
w 416 384 288 352 0
w 704 192 704 368 0
w 704 176 560 176 0
w 560 208 560 176 0
w 560 176 560 128 0
w 704 384 560 384 0
w 560 384 560 352 0
w 896 368 896 272 0
w 896 272 1024 224 0
w 1024 224 1024 160 0
w 1024 160 992 160 0
w 896 192 896 224 0
w 896 224 1024 240 0
w 1024 240 1024 352 0
w 1024 352 992 352 0
w 896 176 800 144 0
w 896 384 800 352 0
w 1024 224 1056 224 0
w 1056 224 1056 16 0
w 1056 16 160 16 0
w 160 16 160 384 0
w 160 384 192 384 0
w 1024 352 1056 352 0
w 1056 352 1056 432 0
w 1056 432 144 432 0
w 144 432 144 176 0
w 144 176 192 176 0
I 368 512 272 512 0 0.5 5
w 192 368 192 512 0
w 192 512 272 512 0
w 368 512 656 512 0
w 656 512 656 368 0
w 656 368 704 368 0
L 656 512 736 512 0 0 false 5 0
M 1056 224 1120 224 0 2.5
M 1056 352 1120 352 0 2.5
L 192 144 64 144 0 1 false 5 0
w 192 160 128 160 0
w 128 160 128 464 0
w 128 464 416 464 0
w 416 464 416 400 0
w 704 160 640 160 0
w 640 160 640 464 0
w 640 464 416 464 0
w 640 464 896 464 0
w 896 464 896 400 0
L 128 464 64 464 0 1 false 5 0
