$ 1 0.000005 10.20027730826997 50 5 50
r -64 -48 -64 16 0 1000
d -64 16 -128 16 2 default
d -64 48 -128 48 2 default
w -64 16 -64 48 0
d -64 48 0 48 2 default
d -64 80 0 80 2 default
r 0 80 0 160 0 5000
g 0 160 0 176 0
R -64 -48 -64 -64 0 0 40 5 0 0 0.5
w 0 48 0 80 0
f 64 0 128 0 33 1.5 0.02
f 64 48 128 48 32 1.5 0.02
w 128 16 128 32 0
w 64 0 64 48 0
w 64 48 0 48 0
g 128 64 128 112 0
R 128 -16 128 -64 0 0 40 5 0 0 0.5
R 96 224 96 176 0 0 40 5 0 0 0.5
g 96 304 96 352 0
w 32 288 -32 288 0
w 32 240 32 288 0
w 96 256 96 272 0
f 32 288 96 288 32 1.5 0.02
f 32 240 96 240 33 1.5 0.02
w -32 288 -32 320 0
R -96 192 -96 176 0 0 40 5 0 0 0.5
g -32 400 -32 416 0
r -32 320 -32 400 0 5000
d -96 320 -32 320 2 default
d -96 288 -32 288 2 default
w -96 256 -96 288 0
d -96 288 -160 288 2 default
d -96 256 -160 256 2 default
r -96 192 -96 256 0 1000
w 96 272 192 160 0
w 192 160 64 160 0
w 64 160 -16 224 0
w -16 224 -64 80 0
w -96 320 -80 400 0
w -80 400 256 368 0
w 256 368 240 128 0
w 240 128 128 32 0
w -160 256 -128 48 0
w 368 288 400 80 0
w 768 160 656 64 0
w 448 432 784 400 0
w 432 352 448 432 0
w 512 256 464 112 0
w 592 192 512 256 0
w 720 192 592 192 0
w 624 304 720 192 0
r 432 224 432 288 0 1000
d 432 288 368 288 2 default
d 432 320 368 320 2 default
w 432 288 432 320 0
d 432 320 496 320 2 default
d 432 352 496 352 2 default
r 496 352 496 432 0 5000
g 496 432 496 448 0
R 432 224 432 208 0 0 40 5 0 0 0.5
w 496 320 496 352 0
f 560 272 624 272 33 1.5 0.02
f 560 320 624 320 32 1.5 0.02
w 624 288 624 304 0
w 560 272 560 320 0
w 560 320 496 320 0
g 624 336 624 384 0
R 624 256 624 208 0 0 40 5 0 0 0.5
M 624 304 720 304 0 2.5
M 656 64 752 64 0 2.5
R 656 16 656 -32 0 0 40 5 0 0 0.5
g 656 96 656 144 0
w 592 80 528 80 0
w 592 32 592 80 0
w 656 48 656 64 0
f 592 80 656 80 32 1.5 0.02
f 592 32 656 32 33 1.5 0.02
w 528 80 528 112 0
R 464 -16 464 -32 0 0 40 5 0 0 0.5
g 528 192 528 208 0
r 528 112 528 192 0 5000
d 464 112 528 112 2 default
d 464 80 528 80 2 default
w 464 48 464 80 0
d 464 80 400 80 2 default
d 464 48 400 48 2 default
r 464 -16 464 48 0 1000
I 16 464 144 464 0 0.5 5
w 16 464 -192 464 0
w -192 464 -192 272 0
w -192 272 -160 256 0
w 368 288 208 464 0
w 208 464 144 464 0
w 368 320 96 272 0
w -128 16 -96 -160 0
w -96 -160 752 -160 0
w 752 -160 720 192 0
w -160 288 -112 512 0
w -112 512 384 512 0
w 384 512 448 432 0
w 768 160 784 400 0
f 240 64 288 64 32 1.5 0.02
f 240 0 288 0 33 1.5 0.02
g 288 80 288 112 0
R 288 -16 288 -80 0 0 40 5 0 0 0.5
w 288 16 288 48 0
w 288 48 400 48 0
w 240 0 240 64 0
w 240 64 192 160 0
s -208 16 -208 112 0 1 true
g -208 16 -208 -48 0
r -208 112 -160 112 0 1000
R -160 112 -160 48 0 0 40 5 0 0 0.5
w -208 112 -192 272 0
o 14 64 0 4099 5 0.00009765625 0 2 14 3
